CreateVehicle(650, 2220.9,-1139.5,25.7,20.4,-1,-1,-1);
CreateVehicle(522, 2144.3,-1621.1,13.0,51.8,-1,-1,-1);
CreateVehicle(522, 1564.3,-1628.5,13.3,177.1,-1,-1,-1);
CreateVehicle(522, -2052.3,-336.8,35.3,176.3,-1,-1,-1);
CreateVehicle(522, -1128.1,1108.8,37.5,100.0,-1,-1,-1);
CreateVehicle(522, -1451.7,-280.5,14.0,80.7,-1,-1,-1);
CreateVehicle(522, -1458.9,-278.8,13.9,80.7,-1,-1,-1);
CreateVehicle(522, 2230.7,-1034.0,57.9,113.1,-1,-1,-1);
CreateVehicle(532, 300.5,-1999.5,44.3,0.0,-1,-1,-1);
CreateVehicle(523, 333.5,-1993.3,33.9,0.0,-1,-1,-1);
CreateVehicle(466, 257.9,-1884.3,14.5,0.0,-1,-1,-1);
CreateVehicle(446, 177.2,-1971.1,-0.6,239.5,-1,-1,-1);
CreateVehicle(446, 199.3,-1975.9,-0.5,293.6,-1,-1,-1);
CreateVehicle(423, 1891.6,-1612.8,13.3,283.2,-1,-1,-1);
CreateVehicle(324, 1905.9,-1610.9,13.3,266.5,-1,-1,-1);
CreateVehicle(539, 1220.8,-2422.2,10.0,240.2,-1,-1,-1);
CreateVehicle(539, 1221.6,-2435.0,9.4,223.9,-1,-1,-1);
CreateVehicle(560, 1217.2,-2439.2,9.4,325.3,-1,-1,-1);
CreateVehicle(539, -1293.3,5.7,14.1,299.1,-1,-1,-1);
CreateVehicle(146, -1277.7,-11.8,14.1,194.9,-1,-1,-1);
CreateVehicle(510, 1532.7,-1668.4,6.2,216.2,-1,-1,-1);
CreateVehicle(510, 1531.5,-1666.1,13.3,312.8,-1,-1,-1);
CreateVehicle(491, 61.3,-1503.5,-0.4,65.4,-1,-1,-1);
CreateVehicle(492, 58.0,-1495.8,-0.5,47.2,-1,-1,-1);
CreateVehicle(482, 64.6,-1493.7,-0.5,30.6,-1,-1,-1);
CreateVehicle(446, 66.2,-1493.9,-0.5,248.1,-1,-1,-1);
CreateVehicle(446, 62.4,-1481.8,-0.5,7.8,-1,-1,-1);
CreateVehicle(446, 1601.1,529.2,-0.5,79.5,-1,-1,-1);
CreateVehicle(446, 1592.1,530.5,-0.4,330.1,-1,-1,-1);
CreateVehicle(446, 831.9,-2091.5,-0.2,182.9,-1,-1,-1);
CreateVehicle(446, 976.5,-2248.5,-0.7,93.0,-1,-1,-1);
CreateVehicle(446, 973.2,-2211.0,-0.4,99.7,-1,-1,-1);
CreateVehicle(446, 934.6,-2129.8,-0.5,122.9,-1,-1,-1);
CreateVehicle(446, 930.5,-2144.2,-0.6,165.8,-1,-1,-1);
CreateVehicle(446, 938.0,-1998.5,-0.7,170.5,-1,-1,-1);
CreateVehicle(446, 927.4,-2003.1,-0.4,118.5,-1,-1,-1);
CreateVehicle(411, 723.7,-1768.4,14.3,229.1,-1,-1,-1);
CreateVehicle(411, 637.6,-1202.8,18.1,196.4,-1,-1,-1);
CreateVehicle(411, 636.6,-1211.9,18.1,20.6,-1,-1,-1);
CreateVehicle(422, 1599.4,-2494.4,13.5,90.5,-1,-1,-1);
CreateVehicle(522, 1594.2,-2486.1,13.5,193.9,-1,-1,-1);
CreateVehicle(541, 1592.5,-2502.3,13.5,16.9,-1,-1,-1);
CreateVehicle(541, 1586.5,-2482.8,13.5,216.5,-1,-1,-1);
CreateVehicle(411, 1810.1,2318.3,6.1,176.7,-1,-1,-1);
CreateVehicle(411, 1786.8,2319.1,6.1,282.9,-1,-1,-1);
CreateVehicle(522, 2220.4,-1137.5,25.6,42.3,-1,-1,-1);
